10
8
5
9
4
13
10
5
12
9
4
11
11
8
8
17
10
17
6
19
13
23
8
7
11
16
13
11
9
7
12
10
11
8
12
17
15
17
20
9
14
18
10
19
25
14
27
20
16
28
35
19
14
15
16
11
17
24
34
21
15
26
34
21
20
24
34
30
28
33
28
35
36
43
32
37
38
43
31
22
31
43
43
27
30
32
36
28
36
44
19
39
33
33
45
42
27
50
33
41
52
39
40
54
37
52
51
60
51
58
52
51
51
41
50
56
57
31
48
67
56
57
51
54
44
52
55
76
53
49
64
54
67
68
72
54
46
56
55
46
49
48
60
59
39
68
57
52
70
74
51
68
93
64
54
74
57
74
79
65
59
52
62
69
64
57
82
73
56
73
57
72
64
69
69
65
77
56
73
77
65
66
73
81
70
70
74
63
86
75
55
70
74
86
64
73
67
79
54
67
72
77
58
73
67
79
74
72
63
83
76
83
57
81
57
64
81
65
59
72
62
66
53
43
72
68
56
79
48
66
86
44
63
58
38
57
74
38
59
48
48
91
30
48
79
39
65
67
50
60
37
48
52
46
45
36
58
51
50
40
40
65
74
56
48
61
49
47
52
32
36
38
37
47
34
37
27
31
38
20
35
31
36
34
29
21
34
34
35
34
63
17
20
17
30
39
13
30
13
21
17
14
21
18
10
23
30
27
16
12
21
20
22
7
17
31
8
18
8
9
26
13
39
21
19
10
19
9
18
12
15
6
11
7
11
6
29
9
10
10
16
11
14
16
8
8
9
7
7
5
19
3
10
8
19
3
11
1
32
3
12
3
9
6
11
