34
21
15
26
34
21
20
24
34
30
28
33
28
35
36
43
32
37
38
43
31
22
31
43
43
27
30
32
36
28
36
44
19
39
33
33
45
42
27
50
33
41
52
39
40
54
37
52
51
60
51
58
52
51
51
41
50
56
57
31
48
67
56
57
51
54
44
52
55
76
53
49
64
54
67
68
72
54
46
56
55
46
49
48
60
59
39
68
57
52
70
74
51
68
93
64
54
74
57
74
79
65
59
52
62
69
64
57
82
73
56
73
57
72
64
69
69
65
77
56
73
77
65
66
73
81
70
70
74
63
86
75
55
70
74
86
64
73
67
79
54
67
72
77
58
73
67
79
74
72
63
83
76
83
57
81
57
64
81
65
59
72
62
66
53
48
67
62
59
81
53
64
68
53
64
48
51
62
64
48
58
51
56
78
52
42
71
48
63
72
48
52
44
54
55
54
38
53
62
49
50
42
38
54
58
60
40
54
50
43
42
37
41
52
43
39
32
36
28
37
38
32
31
27
34
38
24
20
43
31
38
27
47
15
25
15
41
26
15
28
18
28
18
24
18
17
13
19
26
31
19
12
17
20
32
13
14
21
10
15
8
10
20
11
37
21
16
13
27
7
14
11
16
13
11
19
12
9
18
11
11
10
12
13
13
21
11
13
16
7
8
5
11
13
10
9
13
5
7
3
27
4
15
4
9
7
11
